10 0
9 0
12 0
12 0
15 0
14 0
17 0
16 0
18 0
20 1
20 0
21 1
24 0
20 1
26 0
26 1
26 0
26 0
30 0
27 1
28 0
31 0
30 1
29 1
36 0
34 0
35 0
36 1
37 0
41 1
38 0
44 2
37 1
40 0
45 2
49 0
41 0
51 0
46 0
48 0
48 1
54 2
49 0
48 0
56 1
54 0
61 1
53 1
57 1
54 2
65 3
54 1
60 1
62 3
65 3
67 3
71 0
70 2
69 3
63 3
65 0
68 1
72 3
78 3
76 2
75 3
74 0
84 3
82 2
81 2
82 2
77 2
75 3
77 1
81 0
89 3
93 3
91 2
84 1
82 0
92 0
87 4
83 0
93 3
102 0
85 1
103 1
90 2
95 2
89 3
98 4
98 3
107 2
93 4
104 1
107 4
103 5
105 5
113 1
115 3
102 4
107 3
119 0
120 3
117 5
103 5
114 2
108 0
109 5
130 2
116 2
129 2
120 6
120 6
114 2
137 2
119 0
115 5
117 4
128 3
139 4
122 6
141 5
140 5
128 2
134 5
147 2
135 0
148 6
130 5
133 4
150 1
150 1
155 0
151 2
138 6
145 1
151 1
159 0
143 0
139 0
148 1
143 0
143 3
156 5
159 7
143 1
146 4
157 7
155 4
154 0
172 1
177 8
161 0
147 0
173 4
159 6
173 1
168 8
155 5
171 5
172 3
164 6
163 8
175 6
172 8
185 4
164 1
190 5
187 2
166 0
163 5
194 8
179 6
169 5
201 1
200 1
201 1
171 4
190 9
208 10
173 8
193 4
173 5
189 7
205 1
213 2
179 2
190 8
214 1
180 3
190 5
202 10
197 9
192 8
212 4
185 8
221 7
199 4
216 1
214 0
213 0
219 7
214 7
218 5
231 5
233 5
213 1
216 5
239 5
236 8
235 6
241 5
220 11
207 7
207 9
236 8
217 5
222 11
211 6
239 6
209 3
228 3
248 10
250 1
220 11
216 3
242 6
221 5
242 10
232 4
247 5
265 10
256 3
231 8
268 0
265 8
260 4
240 0
254 8
236 8
230 5
234 5
266 11
254 5
236 5
281 0
280 2
278 8
241 12
250 10
253 4
277 5
257 0
277 6
286 6
285 5
286 12
263 6
279 6
276 0
256 9
257 11
296 12
292 3
279 2
268 10
249 3
266 3
283 14
299 2
270 12
282 6
307 10
287 1
309 0
267 11
279 8
316 15
316 4
266 9
265 9
307 5
269 13
286 4
303 0
271 5
315 5
291 3
278 4
296 5
311 11
295 0
300 0
297 11
299 8
291 6
310 14
304 15
312 6
292 8
322 5
337 2
300 10
283 1
287 2
344 10
325 12
295 0
327 7
345 3
318 0
304 9
341 8
310 9
338 6
332 14
349 10
320 11
336 4
331 13
354 0
333 16
342 0
307 7
330 7
361 16
315 4
326 13
341 17
330 5
336 10
369 10
323 10
337 13
323 16
344 3
348 9
342 7
339 9
321 10
376 5
325 9
349 10
326 4
357 6
339 13
353 13
385 9
348 3
354 16
393 7
326 5
336 4
355 8
340 2
391 6
369 11
392 8
355 17
338 12
373 3
346 14
365 18
362 9
348 8
371 1
382 7
369 1
383 9
392 6
351 13
402 3
357 4
402 2
420 1
415 12
400 17
397 1
395 12
414 20
405 11
400 15
413 0
373 5
409 5
396 10
362 14
402 16
371 0
407 9
390 10
361 13
394 7
391 7
419 9
421 6
423 1
380 5
406 16
378 4
432 16
381 1
435 7
412 7
405 13
436 7
392 5
436 7
428 1
422 4
418 3
392 19
420 1
423 2
437 16
440 0
466 13
405 10
445 14
458 2
412 16
403 8
430 4
477 21
411 6
431 21
435 14
442 18
480 14
409 11
421 1
461 10
451 10
412 14
429 1
447 10
423 5
430 11
470 10
495 8
482 7
437 20
416 7
484 12
439 4
496 3
496 9
451 13
464 17
443 2
431 17
504 7
503 17
456 15
510 25
485 0
423 20
435 1
511 9
428 3
464 21
506 0
487 0
511 6
497 5
500 2
469 20
494 17
526 23
460 13
504 22
525 12
462 17
508 7
486 12
534 24
499 3
529 16
451 8
496 17
477 3
520 18
541 25
484 12
483 24
537 23
533 9
541 14
544 5
496 19
487 13
461 20
529 25
457 14
478 19
527 9
486 7
555 22
556 10
485 18
515 15
497 1
538 5
494 18
529 26
539 3
514 9
513 6
469 6
479 18
475 18
535 1
533 9
494 22
577 1
543 14
504 5
485 16
543 15
563 24
506 22
553 26
528 12
530 2
536 25
502 0
564 27
503 6
509 10
526 4
548 14
497 9
513 11
557 14
566 25
512 15
593 10
575 25
555 24
538 17
524 11
500 8
573 10
549 21
576 15
545 10
513 19
572 13
587 17
551 12
536 23
573 26
591 20
557 25
562 15
576 2
548 11
559 3
582 22
576 3
553 3
535 16
573 12
604 18
599 1
588 24
620 26
569 17
555 15
608 24
615 21
537 19
631 22
559 0
572 1
588 10
602 13
612 10
597 13
580 19
564 14
619 0
594 28
563 16
641 22
638 18
569 2
596 14
603 12
615 7
633 9
654 17
649 8
597 23
567 14
587 16
614 22
624 3
642 27
566 20
605 11
629 7
580 14
663 10
668 3
582 25
676 27
614 25
597 2
582 18
673 21
593 29
591 8
595 4
687 16
650 20
611 23
652 31
689 17
594 28
595 16
578 13
694 34
624 12
681 20
572 7
688 29
699 27
588 20
644 18
676 18
584 29
687 15
685 20
585 8
681 26
681 16
708 7
670 9
640 12
694 20
698 12
717 3
622 10
600 27
693 12
661 7
723 21
701 16
649 18
653 9
623 11
700 35
678 26
656 12
694 32
672 20
617 5
646 13
632 0
635 24
727 2
616 30
613 21
666 3
743 26
688 29
736 15
719 7
709 10
743 3
710 26
704 33
625 11
700 3
747 18
725 19
714 14
710 31
687 25
689 19
658 5
649 23
631 10
665 26
641 31
701 0
682 30
705 14
766 18
693 8
653 12
649 10
760 32
771 15
729 34
689 3
742 26
735 11
699 16
666 0
711 22
772 27
655 23
764 7
646 7
755 36
749 37
649 30
650 26
686 4
787 7
693 21
683 2
712 27
736 0
790 16
688 25
787 1
781 17
732 17
764 17
740 3
790 10
800 38
682 1
736 33
705 6
776 34
684 6
769 38
708 15
765 32
744 13
790 2
706 17
690 30
780 23
729 9
681 21
754 18
789 17
754 14
762 16
818 38
762 18
723 26
706 12
782 7
704 32
733 5
706 17
746 26
784 31
694 2
802 13
761 19
744 32
696 27
767 6
847 8
837 39
776 34
709 35
788 37
787 27
718 12
847 42
821 16
715 26
808 18
770 16
849 23
730 19
807 19
813 7
771 10
796 20
809 14
813 15
865 40
868 14
721 17
857 30
770 5
729 13
779 31
845 0
845 34
771 30
780 35
792 32
855 4
779 10
850 18
769 19
835 33
883 42
787 23
833 18
793 30
763 25
737 8
735 15
767 5
747 18
803 29
773 0
790 33
812 5
858 8
841 29
886 6
905 16
789 31
879 34
792 6
766 30
837 27
866 12
874 40
797 13
786 10
761 27
868 8
802 11
758 1
857 16
897 14
815 21
854 19
779 25
795 0
872 43
794 15
897 16
816 26
816 16
829 11
908 27
924 26
810 19
938 40
843 25
795 1
901 23
942 9
904 45
812 24
871 25
886 2
902 43
905 26
912 8
820 19
951 21
790 34
862 12
904 30
789 37
820 21
907 37
810 1
909 19
933 29
846 19
961 25
903 25
852 29
841 4
958 7
853 29
798 34
819 22
866 41
830 30
909 23
891 30
920 15
855 2
923 10
809 3
867 35
836 27
969 45
807 7
952 9
882 10
862 19
857 34
813 20
845 32
820 17
934 34
840 18
879 31
878 15
857 3
906 16
985 14
906 11
922 42
873 36
903 23
927 25
874 32
932 43
924 18
894 2
850 32
901 25
985 43
971 30
915 38
929 45
1004 32
928 9
995 46
912 36
964 13
921 28
1016 62
875 36
973 16
985 52
913 27
1018 52
853 12
930 6
962 25
1004 32
948 26
1018 84
971 61
860 12
1023 86
900 16
994 24
1007 60
989 13
862 18
862 30
999 48
986 35
934 26
949 20
1017 50
962 55
956 21
952 40
988 39
889 29
981 48
1040 48
898 23
1034 87
884 3
996 41
1033 84
1043 44
886 36
889 31
1024 51
1001 57
1057 122
903 28
992 37
933 9
912 23
895 12
904 39
972 30
1014 79
911 32
950 9
921 21
1075 142
1049 67
1009 75
1076 123
937 44
958 13
1012 42
1077 127
1015 56
911 10
911 4
1026 82
1024 68
1084 111
1055 85
1018 52
915 28
1094 147
1064 118
912 6
927 33
954 20
1080 96
1097 107
1057 125
1062 125
921 41
1069 116
1009 81
1067 122
1100 126
965 16
919 32
1006 60
1005 56
1062 94
1101 111
923 5
1124 254
980 15
1087 127
933 48
973 48
1002 32
952 11
987 22
1030 47
1116 226
1014 45
1121 271
1042 64
1002 31
1131 269
957 17
1082 102
1098 104
1142 229
1044 61
1092 121
1061 112
1122 238
1143 273
1061 99
1152 449
956 38
1042 56
1135 244
1140 272
981 17
1105 238
977 45
1046 67
1074 95
1078 104
980 43
1167 461
1078 101
1141 263
999 50
970 49
1032 75
983 18
1093 128
1034 71
964 57
1175 492
1147 242
1088 125
1114 231
1134 252
1097 144
1156 446
1089 120
1186 460
973 14
1148 237
1032 52
1070 124
1047 77
1106 238
1152 478
1111 267
1136 279
1052 73
1064 116
990 18
1087 143
1098 110
1012 41
1039 69
1069 105
1128 255
1095 102
1208 681
1000 59
1118 229
1146 260
1123 229
1146 240
1141 278
1098 131
1134 264
1064 112
1214 667
1025 52
1006 20
1171 440
1096 114
1066 123
1199 471
1057 102
1123 281
1150 272
1102 107
1193 473
1216 683
1150 251
1214 669
1137 268
1176 484
1078 136
1112 265
1171 469
1130 257
1075 136
1104 251
1109 267
1127 282
1193 484
1048 62
1247 709
1125 280
1146 238
1245 722
1124 257
1069 147
1220 702
1243 715
1163 464
1193 453
1066 139
1235 698
1106 224
1061 108
1062 127
1154 438
1204 718
1072 100
1081 122
1108 263
1131 248
1232 698
1126 251
1045 42
1091 133
1083 139
1079 149
1178 441
1069 139
1276 843
1182 499
1219 705
1060 96
1135 264
1189 497
1169 464
1257 845
1142 269
1107 232
1226 729
1074 115
1263 853
1283 858
1237 723
1172 489
1184 492
1144 239
1293 877
1082 125
1197 457
1193 458
1294 886
1192 468
1134 258
1181 501
1229 690
1186 474
1108 250
1179 456
1161 485
1226 676
1177 449
1200 697
1143 257
1306 931
1167 479
1181 465
1297 943
1148 284
1093 123
1135 244
1316 954
1257 836
1303 958
1268 867
1096 136
1104 252
1246 733
1118 255
1266 836
1153 481
1267 853
1240 699
1138 257
1128 241
1258 861
1162 493
1190 456
1184 476
1177 447
1141 264
1282 845
1107 242
1233 736
1286 883
1277 862
1253 833
1290 909
1166 458
1229 730
1304 961
1122 232
1248 882
1348 1053
1221 697
1280 851
1324 1008
1297 987
1257 890
1163 476
1301 963
1231 674
1353 1050
1149 284
1185 455
1236 703
1204 684
1300 941
1228 718
1355 1039
1257 870
1292 904
1289 876
1298 945
1147 273
1359 1049
1214 666
1278 844
1171 479
1218 670
1260 892
1173 459
1300 938
1167 467
1193 466
1308 985
1189 474
1177 465
1298 930
1396 1048
1242 721
1373 1030
1333 954
1364 1072
1301 951
1172 450
1363 1066
1208 681
1382 1081
1269 837
1396 1046
1294 863
1362 1045
1369 1027
1375 1061
1317 992
1359 1048
1249 861
1179 493
1318 951
1268 858
1300 943
1207 714
1380 1025
1417 1084
1381 1028
1228 714
1247 690
1187 503
1294 873
1422 1087
1310 966
1219 700
1261 876
1298 937
1283 864
1400 1080
1359 1001
1390 1069
1239 701
1281 898
1351 1053
1424 1063
1226 700
1365 1071
1209 700
1244 698
1324 948
1415 1116
1458 1127
1226 728
1255 827
1323 949
1346 995
1354 1058
1355 1054
1402 1060
1461 1149
1439 1097
1312 993
1283 868
1243 688
1226 724
1448 1097
1422 1119
1457 1124
1353 1015
1320 975
1224 730
1320 980
1362 1014
1292 885
1396 1095
1276 873
1236 737
1292 886
1450 1133
1239 691
1364 1051
1420 1090
1355 1012
1253 839
1351 996
1379 1014
1449 1141
1280 857
1453 1101
1246 725
1293 859
1442 1140
1502 1152
1298 941
1307 948
1407 1057
1401 1097
1424 1099
1268 864
1495 1134
1468 1158
1482 1138
1480 1178
1449 1149
1288 904
1502 1124
1445 1131
1275 876
1344 1042
1508 1144
1258 855
1332 962
1348 1034
1404 1090
1480 1170
1283 861
1450 1121
1276 900
1420 1073
1337 1009
1355 1015
1311 984
1397 1053
1262 872
1306 975
1439 1085
1529 1145
1449 1121
1473 1109
1449 1102
1444 1082
1478 1110
1440 1132
1423 1090
1340 965
1330 954
1481 1144
1392 1074
1348 1057
1490 1181
1380 1038
1410 1057
1474 1142
1494 1148
1500 1144
1400 1109
1554 1224
1341 966
1444 1091
1534 1213
1291 851
1513 1136
1550 1230
1487 1120
1294 912
1376 1081
1562 1241
1330 950
1331 998
1492 1168
1303 948
1528 1209
1468 1149
1331 955
1399 1057
1331 969
1518 1207
1332 1002
1548 1202
1373 1062
1518 1167
1572 1223
1490 1121
1588 1240
1315 957
1364 1028
1449 1131
1424 1080
1549 1176
1376 1055
1451 1103
1542 1214
1500 1187
1467 1128
1587 1233
1579 1255
1398 1074
1590 1210
1528 1204
1419 1059
1334 954
1440 1096
1545 1162
1491 1175
1475 1112
1420 1123
1402 1082
1466 1165
1396 1065
1356 1055
1480 1165
1570 1214
1553 1163
1471 1132
1562 1178
1345 1052
1593 1242
1453 1148
1487 1176
1525 1206
1432 1122
1415 1098
1592 1222
1602 1233
1528 1163
1421 1073
1619 1264
1346 1045
1561 1206
1598 1222
1501 1198
1349 1025
1385 1026
1406 1045
1549 1171
1612 1254
1464 1101
1611 1267
1432 1134
1613 1210
1632 1229
1540 1211
1490 1186
1428 1120
1496 1128
1395 1079
1454 1106
1427 1112
1642 1248
1655 1297
1372 1046
1474 1157
1368 1031
1458 1108
1378 1019
1417 1101
1398 1056
1592 1229
1634 1304
1568 1182
1407 1109
1439 1122
1423 1082
1612 1251
1490 1128
1533 1184
1530 1173
1544 1187
1401 1090
1474 1164
1449 1151
1440 1083
1487 1123
1626 1229
1486 1166
1432 1107
1622 1229
1499 1153
1580 1202
1577 1229
1399 1065
1587 1263
1412 1115
1699 1332
1447 1100
1705 1326
1669 1322
1495 1164
1552 1198
1518 1161
1626 1236
1682 1289
1544 1220
1638 1307
1591 1234
1613 1281
1482 1179
1622 1255
1517 1190
1473 1152
1476 1119
1698 1350
1645 1284
1684 1327
1623 1225
1642 1245
1484 1132
1628 1239
1498 1139
1554 1169
1445 1114
1707 1330
1682 1327
1699 1334
1636 1287
1548 1163
1423 1127
1595 1210
1543 1176
1539 1160
1623 1222
1712 1352
1428 1108
1729 1356
1431 1103
1734 1351
1528 1165
1739 1386
1599 1213
1691 1300
1464 1143
1539 1200
1517 1187
1450 1124
1459 1155
1678 1325
1651 1313
1461 1122
1489 1123
1645 1297
1541 1165
1675 1331
1476 1153
1661 1265
1693 1283
1767 1357
1586 1258
1693 1307
1468 1135
1587 1259
1661 1294
1467 1158
1515 1183
1478 1134
1758 1331
1666 1251
1517 1186
1524 1186
1503 1177
1660 1287
1592 1200
1562 1217
1716 1328
1711 1302
1647 1238
1675 1267
1684 1319
1718 1286
1781 1341
1643 1272
1623 1272
1622 1220
1668 1260
1721 1325
1784 1343
1541 1178
1721 1306
1638 1234
1803 1384
1744 1371
1536 1211
1724 1365
1580 1190
1745 1340
1781 1359
1573 1208
1486 1112
1575 1209
1673 1278
1601 1271
1592 1209
1610 1223
1561 1184
1730 1300
1620 1285
1697 1344
1723 1346
1569 1190
1664 1304
1695 1344
1590 1253
1782 1389
1654 1287
1823 1397
1513 1171
1779 1410
1715 1333
1650 1303
1543 1228
1704 1283
1623 1263
1726 1362
1620 1249
1525 1175
1843 1463
1695 1311
1694 1286
1732 1360
1815 1431
1773 1345
1796 1364
1674 1298
1760 1327
1630 1264
1697 1286
1586 1265
1586 1214
1642 1293
1718 1359
1770 1369
1573 1208
1681 1304
1545 1171
1864 1419
1846 1443
1781 1421
1603 1259
1772 1364
1754 1354
1849 1431
1595 1234
1784 1358
1672 1335
1863 1416
1734 1353
1786 1346
1843 1413
1731 1317
1859 1442
1751 1352
1556 1193
1762 1332
1669 1294
1784 1344
1650 1302
1883 1449
1745 1317
1750 1339
1767 1329
1593 1252
1692 1280
1868 1453
1556 1200
1635 1259
1821 1377
1575 1247
1558 1178
1573 1197
1716 1317
1699 1334
1852 1450
1804 1403
1889 1454
1620 1260
1814 1420
1876 1413
1812 1398
1628 1287
1618 1265
1750 1379
1621 1281
1737 1337
1605 1266
1876 1488
1710 1322
1612 1234
1743 1317
1851 1402
1863 1478
1681 1303
1816 1444
1917 1488
1758 1332
1879 1449
1635 1239
1758 1386
1829 1374
1827 1421
1792 1413
1776 1401
1928 1454
1836 1395
1853 1463
1648 1303
1634 1298
1838 1465
1852 1476
1692 1324
1839 1413
1666 1255
1761 1386
1735 1347
1640 1307
1713 1355
1811 1396
1627 1258
1840 1416
1643 1290
1700 1334
1686 1332
1944 1505
1821 1446
1624 1265
1947 1481
1836 1419
1765 1376
1662 1286
1615 1282
1792 1413
1722 1319
1900 1518
1926 1529
1700 1353
1659 1270
1716 1371
1676 1292
1788 1429
1787 1415
1659 1279
1901 1452
1640 1229
1829 1432
1697 1286
1913 1451
1631 1271
1765 1398
1906 1440
1769 1387
1927 1501
1936 1491
1949 1493
1700 1359
1773 1413
1747 1338
1664 1251
1713 1334
1703 1317
1672 1304
1762 1381
1831 1396
1659 1267
1816 1379
1726 1357
1926 1442
1840 1463
1684 1343
1858 1431
1892 1425
1800 1413
1917 1503
1724 1322
1780 1347
1988 1515
1953 1485
1766 1352
1822 1401
1664 1326
1715 1315
1769 1327
1704 1289
2019 1611
2000 1502
1700 1315
1801 1400
2005 1563
1863 1400
1726 1322
1917 1467
1711 1340
1898 1447
2039 1586
1802 1369
1783 1339
2039 1543
1852 1433
1736 1320
1914 1506
1899 1510
1950 1520
2026 1587
1680 1338
2003 1533
1765 1398
1866 1469
1908 1506
1738 1356
1757 1321
1781 1380
1760 1394
1928 1486
1726 1336
2060 1621
1790 1356
1854 1441
1778 1378
1694 1293
1719 1317
1932 1478
1737 1328
2055 1603
1968 1517
2037 1546
1990 1498
1804 1381
1943 1478
1828 1387
1985 1559
1939 1485
1764 1357
1979 1532
1743 1362
1768 1346
1725 1311
1791 1391
1899 1475
2058 1549
2008 1549
1986 1553
1782 1343
1873 1490
2078 1631
1899 1470
1802 1393
2018 1515
1761 1384
1995 1586
1786 1337
1877 1410
1910 1482
2094 1655
2068 1580
1855 1388
1834 1414
1947 1550
1872 1432
2092 1623
1872 1468
2049 1540
1912 1454
2090 1595
2106 1651
1960 1488
2110 1685
2017 1581
1998 1539
2052 1619
1888 1487
2037 1546
1994 1583
1781 1382
1957 1510
1759 1357
1814 1439
1813 1417
1853 1478
2068 1607
2005 1517
2073 1611
1752 1369
2094 1621
1915 1469
1769 1332
2125 1608
1880 1424
1912 1460
2053 1622
1867 1410
1780 1353
2067 1644
2029 1588
1910 1522
2151 1662
1822 1396
1922 1461
2013 1594
1781 1362
2128 1685
1869 1416
2009 1593
2082 1607
2061 1637
2061 1611
2146 1631
1856 1423
2149 1636
1975 1569
2033 1577
2040 1567
2145 1624
1902 1499
1971 1553
1928 1517
1790 1401
1816 1414
1782 1414
2106 1671
1945 1481
1953 1504
1843 1400
1980 1572
1840 1453
1873 1480
2112 1589
2002 1589
2095 1601
2176 1687
2179 1664
1835 1452
1815 1436
1953 1553
2108 1590
1928 1508
2143 1679
2173 1637
2024 1588
1976 1543
1968 1492
2200 1730
2135 1666
1861 1443
2100 1602
2138 1641
2121 1663
1974 1545
1988 1547
