8
DrA 29 77 100 176 195 198 228 233 246 256 287
DrB 28 35 75 91 151 152 163 167 181 194 216 247 263
DrC 18 31 46 69 96 102 109 134 212 218 288
DrD 12 30 46 52 68 82 86 99 103 133 140 195 201 205 255 296
DrE 10 96 102 104 124 144 202 210 223 235 244
DrF 2 4 13 66 87 101 110 141 177 183 189 217 298
DrG 10 31 38 47 99 101 114 119 127 145 146 202 238 247 282 286
DrH 10 38 48 63 79 126 127 190 195 230 238 283 285
DrI 41 51 68 75 105 115 131 140 141 165 168 186 216 227 255 265
DrJ 9 24 26 42 89 119 126 175 190 233 241 254 261 269 273 278 285
DrK 18 24 31 59 62 130 162 219 250 284
DrL 26 36 96 101 121 122 147 158 182 192 212 251 260 278
DrM 33 36 42 46 56 60 71 75 115 144 148 164 177 181 199 223 229 243 251
DrN 43 44 50 88 127 133 160 168 177 232 266 270
DrO 12 22 35 37 44 45 47 53 55 66 68 90 125 151 155 162 194 234 245 257 262
DrP 20 35 38 50 67 68 106 113 119 204 221 247 249 257 258 273 298
DrQ 11 46 64 78 105 107 119 158 199 211 215 219
DrR 17 19 50 59 71 75 93 110 117 127 129 134 168 176 178 243 245 278 291 298
DrS 25 80 111 115 133 137 157 221 224 261 269 272
DrT 15 42 62 65 70 71 105 127 131 141 183 204 212 235 244 245 253 256 260 273 276
DrU 33 133 146 152 173 199 218 223 228 284
DrV 2 25 44 50 81 97 107 115 140 151 159 172 184 187 230 255 261 264 276 282 288
DrW 34 49 50 59 70 79 91 98 103 115 125 153 160 168 221 247 250 299
DrX 2 19 48 51 79 84 85 103 109 120 136 151 170 185 205 212 224 245 262 276
DrY 18 22 76 125 126 130 142 145 161 197 243 280 281 295
DrZ 9 28 85 99 239 249 267